地区代码	地区名称	所属城市	所属省份
1000	北京市	1000	1000
1027	密云县	1000	1000
1028	延庆县	1000	1000
1100	天津市	1100	1100
1121	宁河县	1100	1100
1123	静海县	1100	1100
1125	蓟　县	1100	1100
1200	河北省	1200	1200
1210	石家庄市	1210	1200
1211	井陉县	1210	1200
1212	鹿泉市	1210	1200
1213	正定县	1210	1200
1214	栾城县	1210	1200
1221	辛集市	1210	1200
1222	晋州市	1210	1200
1223	深泽县	1210	1200
1224	无极县	1210	1200
1225	藁城市	1210	1200
1226	赵　县	1210	1200
1227	新乐市	1210	1200
1228	高邑县	1210	1200
1229	元氏县	1210	1200
1231	赞皇县	1210	1200
1232	平山县	1210	1200
1233	灵寿县	1210	1200
1234	行唐县	1210	1200
1240	唐山市	1240	1200
1243	滦　县	1240	1200
1244	滦南县	1240	1200
1245	乐亭县	1240	1200
1246	迁安市	1240	1200
1247	迁西县	1240	1200
1248	遵化市	1240	1200
1249	玉田县	1240	1200
1251	唐海县	1240	1200
1260	秦皇岛市	1260	1200
1261	青龙满族自治县	1260	1200
1262	昌黎县	1260	1200
1263	抚宁县	1260	1200
1264	卢龙县	1260	1200
1270	邯郸市	1270	1200
1271	邯郸县	1270	1200
1281	大名县	1270	1200
1282	魏　县	1270	1200
1283	曲周县	1270	1200
1284	邱　县	1270	1200
1285	鸡泽县	1270	1200
1286	肥乡县	1270	1200
1287	广平县	1270	1200
1288	成安县	1270	1200
1289	临漳县	1270	1200
1291	磁　县	1270	1200
1292	涉　县	1270	1200
1293	永年县	1270	1200
1294	馆陶县	1270	1200
1295	武安市	1270	1200
1310	邢台市	1310	1200
1311	邢台县	1310	1200
1321	南宫市	1310	1200
1322	沙河市	1310	1200
1323	临城县	1310	1200
1324	内丘县	1310	1200
1325	柏乡县	1310	1200
1326	隆尧县	1310	1200
1327	任　县	1310	1200
1328	南和县	1310	1200
1329	宁晋县	1310	1200
1331	巨鹿县	1310	1200
1332	新河县	1310	1200
1333	广宗县	1310	1200
1334	平乡县	1310	1200
1335	威　县	1310	1200
1336	清河县	1310	1200
1337	临西县	1310	1200
1340	保定市	1340	1200
1341	满城县	1340	1200
1342	清苑县	1340	1200
1351	定州市	1340	1200
1352	涿州市	1340	1200
1353	易　县	1340	1200
1354	徐水县	1340	1200
1355	涞源县	1340	1200
1356	定兴县	1340	1200
1357	顺平县	1340	1200
1358	唐　县	1340	1200
1359	望都县	1340	1200
1361	涞水县	1340	1200
1362	高阳县	1340	1200
1363	安新县	1340	1200
1364	雄　县	1340	1200
1365	容城县	1340	1200
1366	高碑店市	1340	1200
1367	曲阳县	1340	1200
1368	阜平县	1340	1200
1369	安国市	1340	1200
1371	博野县	1340	1200
1372	蠡　县	1340	1200
1380	张家口市	1380	1200
1381	宣化县	1380	1200
1391	张北县	1380	1200
1392	康保县	1380	1200
1393	沽源县	1380	1200
1394	尚义县	1380	1200
1395	蔚　县	1380	1200
1396	阳原县	1380	1200
1397	怀安县	1380	1200
1398	万全县	1380	1200
1399	怀来县	1380	1200
1401	涿鹿县	1380	1200
1402	赤城县	1380	1200
1403	崇礼县	1380	1200
1410	承德市	1410	1200
1411	承德县	1410	1200
1421	宽城满族自治县	1410	1200
1422	兴隆县	1410	1200
1423	平泉县	1410	1200
1424	滦平县	1410	1200
1425	丰宁满族自治县	1410	1200
1426	隆化县	1410	1200
1427	围场满族蒙古族自治县	1410	1200
1430	沧州市	1430	1200
1431	沧　县	1430	1200
1432	青　县	1430	1200
1441	泊头市	1430	1200
1442	任丘市	1430	1200
1443	河间市	1430	1200
1444	肃宁县	1430	1200
1445	献　县	1430	1200
1446	吴桥县	1430	1200
1447	东光县	1430	1200
1448	南皮县	1430	1200
1449	盐山县	1430	1200
1451	黄骅市	1430	1200
1452	孟村回族自治县	1430	1200
1453	海兴县	1430	1200
1460	廊坊市	1460	1200
1461	三河市	1460	1200
1462	固安县	1460	1200
1463	永清县	1460	1200
1464	香河县	1460	1200
1465	大城县	1460	1200
1466	文安县	1460	1200
1467	霸州市	1460	1200
1468	大厂回族自治县	1460	1200
1480	衡水市	1480	1200
1482	冀州市	1480	1200
1483	枣强县	1480	1200
1484	武邑县	1480	1200
1485	深州市	1480	1200
1486	武强县	1480	1200
1487	饶阳县	1480	1200
1488	安平县	1480	1200
1489	故城县	1480	1200
1491	景　县	1480	1200
1492	阜城县	1480	1200
1600	山西省	1600	1600
1610	太原市	1610	1600
1611	清徐县	1610	1600
1612	阳曲县	1610	1600
1613	娄烦县	1610	1600
1614	古交市	1610	1600
1620	大同市	1620	1600
1631	阳高县	1620	1600
1632	天镇县	1620	1600
1633	广灵县	1620	1600
1634	灵丘县	1620	1600
1635	浑源县	1620	1600
1637	左云县	1620	1600
1639	大同县	1620	1600
1650	阳泉市	1650	1600
1651	平定县	1650	1600
1652	盂　县	1650	1600
1660	长治市	NA	1600
1661	长治县	1660	1600
1662	潞城市	1660	1600
1663	襄垣县	1660	1600
1664	屯留县	1660	1600
1665	平顺县	1660	1600
1666	黎城县	1660	1600
1667	壶关县	1660	1600
1668	长子县	1660	1600
1669	武乡县	1660	1600
1671	沁　县	1660	1600
1672	沁源县	1660	1600
1680	晋城市	NA	1600
1681	沁水县	1680	1600
1682	阳城县	1680	1600
1683	高平市	1680	1600
1684	陵川县	1680	1600
1685	泽州县	1680	1600
1690	朔州市	NA	1600
1691	山阴县	1690	1600
1692	应　县	1690	1600
1693	右玉县	1690	1600
1694	怀仁县	1690	1600
1710	忻州市	NA	1600
1712	定襄县	1710	1600
1713	五台县	1710	1600
1714	原平市	1710	1600
1715	代　县	1710	1600
1716	繁峙县	1710	1600
1717	宁武县	1710	1600
1718	静乐县	1710	1600
1719	神池县	1710	1600
1721	五寨县	1710	1600
1722	岢岚县	1710	1600
1723	河曲县	1710	1600
1724	保德县	1710	1600
1725	偏关县	1710	1600
1730	吕梁市	NA	1600
1731	汾阳市	1730	1600
1732	文水县	1730	1600
1733	交城县	1730	1600
1734	孝义市	1730	1600
1735	兴　县	1730	1600
1736	临　县	1730	1600
1737	柳林县	1730	1600
1738	石楼县	1730	1600
1739	岚　县	1730	1600
1741	方山县	1730	1600
1743	中阳县	1730	1600
1744	交口县	1730	1600
1750	晋中市	NA	1600
1752	榆社县	1750	1600
1753	左权县	1750	1600
1754	和顺县	1750	1600
1755	昔阳县	1750	1600
1756	寿阳县	1750	1600
1757	太谷县	1750	1600
1758	祁　县	1750	1600
1759	平遥县	1750	1600
1761	介休市	1750	1600
1762	灵石县	1750	1600
1770	临汾市	NA	1600
1772	侯马市	1770	1600
1773	曲沃县	1770	1600
1774	翼城县	1770	1600
1775	襄汾县	1770	1600
1776	洪洞县	1770	1600
1777	霍州市	1770	1600
1778	古　县	1770	1600
1779	安泽县	1770	1600
1781	浮山县	1770	1600
1782	吉　县	1770	1600
1783	乡宁县	1770	1600
1784	蒲　县	1770	1600
1785	大宁县	1770	1600
1786	永和县	1770	1600
1787	隰　县	1770	1600
1788	汾西县	1770	1600
1810	运城市	NA	1600
1812	永济市	1810	1600
1813	芮城县	1810	1600
1814	临猗县	1810	1600
1815	万荣县	1810	1600
1816	新绛县	1810	1600
1817	稷山县	1810	1600
1818	河津市	1810	1600
1819	闻喜县	1810	1600
1821	夏　县	1810	1600
1822	绛　县	1810	1600
1823	平陆县	1810	1600
1824	垣曲县	1810	1600
1900	内蒙古自治区	NA	    
1910	呼和浩特市	NA	1900
1911	土默特左旗	1910	1900
1912	托克托县	1910	1900
1913	武川县	1910	1900
1914	和林格尔县	1910	1900
1915	清水河县	1910	1900
1920	包头市	NA	1900
1921	土默特右旗	1920	1900
1922	固阳县	1920	1900
1923	达尔罕茂明安联合旗	1920	1900
1930	乌海市	NA	1900
1940	赤峰市	NA	1900
1941	阿鲁科尔沁旗	1940	1900
1942	巴林左旗	1940	1900
1943	巴林右旗	1940	1900
1944	林西县	1940	1900
1945	克什克腾旗	1940	1900
1946	翁牛特旗	1940	1900
1947	喀喇沁旗	1940	1900
1948	宁城县	1940	1900
1949	敖汉旗	1940	1900
1960	呼伦贝尔市	NA	1900
1962	满洲里市	1960	1900
1963	扎兰屯市	1960	1900
1964	牙克石市	1960	1900
1965	阿荣旗	1960	1900
1966	莫力达瓦达斡尔族自治旗	1960	1900
1967	额尔古纳市	1960	1900
1968	根河市	1960	1900
1969	鄂伦春自治旗	1960	1900
1971	鄂温克族自治旗	1960	1900
1972	新巴尔虎右旗	1960	1900
1973	新巴尔虎左旗	1960	1900
1974	陈巴尔虎旗	1960	1900
1980	兴安盟	NA	1900
1981	乌兰浩特市	1980	1900
1982	科尔沁右翼前旗	1980	1900
1983	科尔沁右翼中旗	1980	1900
1984	扎赉特旗	1980	1900
1985	突泉县	1980	1900
1986	阿尔山市	1980	1900
1990	通辽市	NA	1900
1992	霍林郭勒市	1990	1900
1993	科尔沁左翼中旗	1990	1900
1994	科尔沁左翼后旗	1990	1900
1995	开鲁县	1990	1900
1996	库伦旗	1990	1900
1997	奈曼旗	1990	1900
1998	扎鲁特旗	1990	1900
2010	锡林郭勒盟	NA	1900
2011	二连浩特市	2010	1900
2012	锡林浩特市	2010	1900
2013	阿巴嘎旗	2010	1900
2014	苏尼特左旗	2010	1900
2015	苏尼特右旗	2010	1900
2016	东乌珠穆沁旗	2010	1900
2017	西乌珠穆沁旗	2010	1900
2018	太仆寺旗	2010	1900
2019	镶黄旗	2010	1900
2021	正镶白旗	2010	1900
2022	正蓝旗	2010	1900
2023	多伦县	2010	1900
2030	乌兰察布市	NA	1900
2035	卓资县	2030	1900
2036	化德县	2030	1900
2037	商都县	2030	1900
2038	兴和县	2030	1900
2039	丰镇市	2030	1900
2041	凉城县	2030	1900
2042	察哈尔右翼前旗	2030	1900
2043	察哈尔右翼中旗	2030	1900
2044	察哈尔右翼后旗	2030	1900
2046	四子王旗	2030	1900
2050	鄂尔多斯市	NA	1900
2051	东胜区	2050	1900
2052	达拉特旗	2050	1900
2053	准格尔旗	2050	1900
2054	鄂托克前旗	2050	1900
2055	鄂托克旗	2050	1900
2056	杭锦旗	2050	1900
2057	乌审旗	2050	1900
2058	伊金霍洛旗	2050	1900
2070	巴彦淖尔市	NA	1900
2072	五原县	2070	1900
2073	磴口县	2070	1900
2074	乌拉特前旗	2070	1900
2075	乌拉特中旗	2070	1900
2076	乌拉特后旗	2070	1900
2077	杭锦后旗	2070	1900
2080	阿拉善盟	NA	1900
2081	阿拉善左旗	2080	1900
2082	阿拉善右旗	2080	1900
2083	额济纳旗	2080	1900
2200	辽宁省	NA	    
2210	沈阳市	NA	2200
2211	新民市	2210	2200
2212	辽中县	2210	2200
2213	康平县	2210	2200
2214	法库县	2210	2200
2220	大连市	NA	2200
2221	普兰店市	2220	2200
2222	长海县	2220	2200
2223	庄河市	2220	2200
2224	瓦房店市	2220	2200
2230	鞍山市	NA	2200
2231	台安县	2230	2200
2232	海城市	2230	2200
2233	岫岩满族自治县	2230	2200
2240	抚顺市	NA	2200
2241	抚顺县	2240	2200
2242	新宾满族自治县	2240	2200
2243	清原满族自治县	2240	2200
2250	本溪市	NA	2200
2251	本溪满族自治县	2250	2200
2252	桓仁满族自治县	2250	2200
2260	丹东市	NA	2200
2261	凤城市	2260	2200
2263	东港市	2260	2200
2264	宽甸满族自治县	2260	2200
2270	锦州市	NA	2200
2272	凌海市	2270	2200
2273	北镇市	2270	2200
2274	黑山县	2270	2200
2275	义　县	2270	2200
2280	营口市	NA	2200
2281	大石桥市	2280	2200
2282	盖州市	2280	2200
2290	阜新市	NA	2200
2291	阜新蒙古族自治县	2290	2200
2292	彰武县	2290	2200
2310	辽阳市	NA	2200
2311	辽阳县	2310	2200
2312	灯塔市	2310	2200
2320	盘锦市	NA	2200
2321	大洼县	2320	2200
2322	盘山县	2320	2200
2330	铁岭市	NA	2200
2331	铁岭县	2330	2200
2332	西丰县	2330	2200
2333	昌图县	2330	2200
2336	调兵山市	2330	2200
2337	开原市	2330	2200
2340	朝阳市	NA	2200
2341	朝阳县	2340	2200
2342	建平县	2340	2200
2343	凌源市	2340	2200
2344	喀喇沁左翼蒙古族自治县	2340	2200
2346	北票市	2340	2200
2360	葫芦岛市	NA	2200
2361	绥中县	2360	2200
2362	建昌县	2360	2200
2363	兴城市	2360	2200
2400	吉林省	NA	    
2410	长春市	NA	2400
2411	榆树市	2410	2400
2412	农安县	2410	2400
2413	德惠市	2410	2400
2415	九台市	2410	2400
2420	吉林市	NA	2400
2421	永吉县	2420	2400
2422	舒兰市	2420	2400
2423	磐石市	2420	2400
2424	蛟河市	2420	2400
2425	桦甸市	2420	2400
2430	四平市	NA	2400
2431	梨树县	2430	2400
2432	伊通满族自治县	2430	2400
2433	双辽市	2430	2400
2434	公主岭市	2430	2400
2440	辽源市	NA	2400
2441	东丰县	2440	2400
2442	东辽县	2440	2400
2450	通化市	NA	2400
2451	通化县	2450	2400
2452	辉南县	2450	2400
2453	柳河县	2450	2400
2454	梅河口市	2450	2400
2455	集安市	2450	2400
2460	白山市	NA	2400
2461	抚松县	2460	2400
2462	靖宇县	2460	2400
2463	长白朝鲜族自治县	2460	2400
2464	临江市	2460	2400
2470	白城市	NA	2400
2472	洮南市	2470	2400
2474	大安市	2470	2400
2477	镇赉县	2470	2400
2478	通榆县	2470	2400
2490	延边朝鲜族自治州	NA	2400
2491	延吉市	2490	2400
2492	图们市	2490	2400
2493	敦化市	2490	2400
2494	珲春市	2490	2400
2495	龙井市	2490	2400
2496	和龙市	2490	2400
2497	汪清县	2490	2400
2498	安图县	2490	2400
2510	松原市	NA	2400
2511	扶余县	2510	2400
2512	长岭县	2510	2400
2513	前郭尔罗斯蒙古族自治县	2510	2400
2514	乾安县	2510	2400
2600	黑龙江省	NA	    
2610	哈尔滨市	NA	2600
2613	依兰县	2610	2600
2621	双城市	2610	2600
2622	尚志市	2610	2600
2623	宾　县	2610	2600
2624	五常市	2610	2600
2625	巴彦县	2610	2600
2626	木兰县	2610	2600
2627	通河县	2610	2600
2628	方正县	2610	2600
2629	延寿县	2610	2600
2640	齐齐哈尔市	NA	2600
2641	龙江县	2640	2600
2642	讷河市	2640	2600
2643	依安县	2640	2600
2644	泰来县	2640	2600
2645	甘南县	2640	2600
2647	富裕县	2640	2600
2649	克山县	2640	2600
2651	克东县	2640	2600
2652	拜泉县	2640	2600
2660	鸡西市	NA	2600
2661	鸡东县	2660	2600
2662	虎林市	2660	2600
2663	密山市	2660	2600
2670	鹤岗市	NA	2600
2671	萝北县	2670	2600
2672	绥滨县	2670	2600
2680	双鸭山市	NA	2600
2681	集贤县	2680	2600
2682	宝清县	2680	2600
2683	饶河县	2680	2600
2684	友谊县	2680	2600
2690	大庆市	NA	2600
2691	林甸县	2690	2600
2692	杜尔伯特蒙古族自治县	2690	2600
2693	肇源县	2690	2600
2694	肇州县	2690	2600
2710	伊春市	NA	2600
2711	嘉荫县	2710	2600
2712	铁力市	2710	2600
2720	佳木斯市	NA	2600
2721	桦南县	2720	2600
2723	桦川县	2720	2600
2725	汤原县	2720	2600
2727	抚远县	2720	2600
2729	同江市	2720	2600
2731	富锦市	2720	2600
2740	七台河市	NA	2600
2741	勃利县	2740	2600
2750	牡丹江市	NA	2600
2751	宁安市	2750	2600
2752	海林市	2750	2600
2753	穆棱市	2750	2600
2754	东宁县	2750	2600
2755	林口县	2750	2600
2757	绥芬河市	2750	2600
2760	绥化市	NA	2600
2762	安达市	2760	2600
2763	肇东市	2760	2600
2764	海伦市	2760	2600
2765	望奎县	2760	2600
2766	兰西县	2760	2600
2767	青冈县	2760	2600
2771	庆安县	2760	2600
2772	明水县	2760	2600
2773	绥棱县	2760	2600
2780	黑河市	NA	2600
2782	北安市	2780	2600
2783	五大连池市	2780	2600
2784	嫩江县	2780	2600
2786	逊克县	2780	2600
2787	孙吴县	2780	2600
2790	大兴安岭地区	NA	2600
2791	呼玛县	2790	2600
2792	塔河县	2790	2600
2793	漠河县	2790	2600
2900	上海市	NA	    
2929	崇明县	NA	2900
3000	江苏省	NA	    
3010	南京市	NA	3000
3014	溧水县	3010	3000
3015	高淳县	3010	3000
3020	无锡市	NA	3000
3022	江阴市	3020	3000
3023	宜兴市	3020	3000
3030	徐州市	NA	3000
3031	丰　县	3030	3000
3032	沛　县	3030	3000
3034	睢宁县	3030	3000
3035	邳州市	3030	3000
3036	新沂市	3030	3000
3040	常州市	NA	3000
3041	武进区	3040	3000
3042	金坛市	3040	3000
3043	溧阳市	3040	3000
3050	苏州市	NA	3000
3051	太仓市	3050	3000
3052	昆山市	3050	3000
3054	吴江市	3050	3000
3055	常熟市	3050	3000
3056	张家港市	3050	3000
3060	南通市	NA	3000
3061	海安县	3060	3000
3062	如皋市	3060	3000
3063	如东县	3060	3000
3064	通州市	3060	3000
3065	海门市	3060	3000
3066	启东市	3060	3000
3070	连云港市	NA	3000
3071	赣榆县	3070	3000
3072	东海县	3070	3000
3073	灌云县	3070	3000
3074	灌南县	3070	3000
3080	淮安市	NA	3000
3085	涟水县	3080	3000
3087	洪泽县	3080	3000
3088	盱眙县	3080	3000
3089	金湖县	3080	3000
3110	盐城市	NA	3000
3111	响水县	3110	3000
3112	滨海县	3110	3000
3113	阜宁县	3110	3000
3114	射阳县	3110	3000
3115	建湖县	3110	3000
3116	大丰市	3110	3000
3117	东台市	3110	3000
3120	扬州市	NA	3000
3121	高邮市	3120	3000
3122	宝应县	3120	3000
3125	江都市	3120	3000
3129	仪征市	3120	3000
3140	镇江市	NA	3000
3142	句容市	3140	3000
3143	扬中市	3140	3000
3144	丹阳市	3140	3000
3160	泰州市	NA	3000
3161	兴化市	3160	3000
3162	靖江市	3160	3000
3163	泰兴市	3160	3000
3164	姜堰市	3160	3000
3180	宿迁市	NA	3000
3181	沭阳县	3180	3000
3182	泗阳县	3180	3000
3183	泗洪县	3180	3000
3300	浙江省	NA	    
3310	杭州市	NA	3300
3311	桐庐县	3310	3300
3312	富阳市	3310	3300
3313	临安市	3310	3300
3315	建德市	3310	3300
3316	淳安县	3310	3300
3320	宁波市	NA	3300
3321	象山县	3320	3300
3322	宁海县	3320	3300
3323	鄞州区	3320	3300
3324	余姚市	3320	3300
3325	慈溪市	3320	3300
3326	奉化市	3320	3300
3330	温州市	NA	3300
3332	洞头县	3330	3300
3333	乐清市	3330	3300
3334	永嘉县	3330	3300
3335	平阳县	3330	3300
3336	苍南县	3330	3300
3337	文成县	3330	3300
3338	泰顺县	3330	3300
3339	瑞安市	3330	3300
3350	嘉兴市	NA	3300
3351	嘉善县	3350	3300
3352	平湖市	3350	3300
3353	海盐县	3350	3300
3354	桐乡市	3350	3300
3355	海宁市	3350	3300
3360	湖州市	NA	3300
3361	德清县	3360	3300
3362	长兴县	3360	3300
3363	安吉县	3360	3300
3370	绍兴市	NA	3300
3371	绍兴县	3370	3300
3372	上虞市	3370	3300
3373	嵊州市	3370	3300
3374	新昌县	3370	3300
3375	诸暨市	3370	3300
3380	金华市	NA	3300
3382	永康市	3380	3300
3383	武义县	3380	3300
3384	浦江县	3380	3300
3385	磐安县	3380	3300
3386	兰溪市	3380	3300
3387	义乌市	3380	3300
3388	东阳市	3380	3300
3410	衢州市	NA	3300
3412	常山县	3410	3300
3413	开化县	3410	3300
3414	龙游县	3410	3300
3415	江山市	3410	3300
3420	舟山市	NA	3300
3421	岱山县	3420	3300
3422	嵊泗县	3420	3300
3430	丽水市	NA	3300
3432	青田县	3430	3300
3433	云和县	3430	3300
3434	庆元县	3430	3300
3435	缙云县	3430	3300
3436	遂昌县	3430	3300
3437	松阳县	3430	3300
3438	景宁畲族自治县	3430	3300
3439	龙泉市	3430	3300
3450	台州市	NA	3300
3451	椒江区	3450	3300
3452	临海市	3450	3300
3454	温岭市	3450	3300
3455	仙居县	3450	3300
3456	天台县	3450	3300
3457	三门县	3450	3300
3458	玉环县	3450	3300
3600	安徽省	NA	    
3610	合肥市	NA	3600
3611	长丰县	3610	3600
3612	肥东县	3610	3600
3613	肥西县	3610	3600
3620	芜湖市	NA	3600
3621	芜湖县	3620	3600
3622	繁昌县	3620	3600
3623	南陵县	3620	3600
3630	蚌埠市	NA	3600
3631	怀远县	3630	3600
3632	五河县	3630	3600
3633	固镇县	3630	3600
3640	淮南市	NA	3600
3641	凤台县	3640	3600
3650	马鞍山市	NA	3600
3651	当涂县	3650	3600
3660	淮北市	NA	3600
3661	濉溪县	3660	3600
3670	铜陵市	NA	3600
3671	铜陵县	3670	3600
3680	安庆市	NA	3600
3681	桐城市	3680	3600
3682	怀宁县	3680	3600
3683	枞阳县	3680	3600
3684	潜山县	3680	3600
3685	太湖县	3680	3600
3686	宿松县	3680	3600
3687	望江县	3680	3600
3688	岳西县	3680	3600
3710	黄山市	NA	3600
3711	歙　县	3710	3600
3712	休宁县	3710	3600
3713	黟　县	3710	3600
3714	祁门县	3710	3600
3720	阜阳市	NA	3600
3724	临泉县	3720	3600
3725	太和县	3720	3600
3728	阜南县	3720	3600
3729	颍上县	3720	3600
3731	界首市	3720	3600
3740	宿州市	NA	3600
3742	砀山县	3740	3600
3743	萧　县	3740	3600
3745	灵璧县	3740	3600
3746	泗　县	3740	3600
3750	滁州市	NA	3600
3752	天长市	3750	3600
3753	来安县	3750	3600
3754	全椒县	3750	3600
3755	定远县	3750	3600
3756	凤阳县	3750	3600
3757	明光市	3750	3600
3760	六安市	NA	3600
3763	寿　县	3760	3600
3764	霍邱县	3760	3600
3765	舒城县	3760	3600
3766	金寨县	3760	3600
3767	霍山县	3760	3600
3770	宣城市	NA	3600
3772	郎溪县	3770	3600
3773	广德县	3770	3600
3774	宁国市	3770	3600
3775	泾　县	3770	3600
3776	旌德县	3770	3600
3777	绩溪县	3770	3600
3780	巢湖市	NA	3600
3782	庐江县	3780	3600
3783	无为县	3780	3600
3784	含山县	3780	3600
3785	和　县	3780	3600
3790	池州市	NA	3600
3792	东至县	3790	3600
3793	石台县	3790	3600
3794	青阳县	3790	3600
3810	亳州市	NA	3600
3811	涡阳县	3810	3600
3812	蒙城县	3810	3600
3813	利辛县	3810	3600
3900	福建省	NA	    
3910	福州市	NA	3900
3911	闽侯县	3910	3900
3912	连江县	3910	3900
3913	罗源县	3910	3900
3914	闽清县	3910	3900
3915	永泰县	3910	3900
3916	长乐市	3910	3900
3917	福清市	3910	3900
3918	平潭县	3910	3900
3930	厦门市	NA	3900
3940	莆田市	NA	3900
3942	仙游县	3940	3900
3950	三明市	NA	3900
3951	明溪县	3950	3900
3952	清流县	3950	3900
3953	宁化县	3950	3900
3954	大田县	3950	3900
3955	尤溪县	3950	3900
3956	沙　县	3950	3900
3957	将乐县	3950	3900
3958	泰宁县	3950	3900
3959	建宁县	3950	3900
3961	永安市	3950	3900
3970	泉州市	NA	3900
3971	惠安县	3970	3900
3972	晋江市	3970	3900
3973	南安市	3970	3900
3974	安溪县	3970	3900
3975	永春县	3970	3900
3976	德化县	3970	3900
3977	金门县	3970	3900
3978	石狮市	3970	3900
3990	漳州市	NA	3900
3991	龙海市	3990	3900
3992	云霄县	3990	3900
3993	漳浦县	3990	3900
3994	诏安县	3990	3900
3995	长泰县	3990	3900
3996	东山县	3990	3900
3997	南靖县	3990	3900
3998	平和县	3990	3900
3999	华安县	3990	3900
4010	南平市	NA	3900
4012	邵武市	4010	3900
4013	顺昌县	4010	3900
4014	建阳市	4010	3900
4015	建瓯市	4010	3900
4016	浦城县	4010	3900
4017	武夷山市	4010	3900
4018	光泽县	4010	3900
4019	松溪县	4010	3900
4021	政和县	4010	3900
4030	宁德市	NA	3900
4032	福鼎市	4030	3900
4033	霞浦县	4030	3900
4034	福安市	4030	3900
4035	古田县	4030	3900
4036	屏南县	4030	3900
4037	寿宁县	4030	3900
4038	周宁县	4030	3900
4039	柘荣县	4030	3900
4050	龙岩市	NA	3900
4052	长汀县	4050	3900
4053	永定县	4050	3900
4054	上杭县	4050	3900
4055	武平县	4050	3900
4056	漳平市	4050	3900
4057	连城县	4050	3900
4200	江西省	NA	    
4210	南昌市	NA	4200
4211	南昌县	4210	4200
4212	新建县	4210	4200
4213	安义县	4210	4200
4214	进贤县	4210	4200
4220	景德镇市	NA	4200
4221	乐平市	4220	4200
4222	浮梁县	4220	4200
4230	萍乡市	NA	4200
4231	莲花县	4230	4200
4232	上栗县	4230	4200
4233	芦溪县	4230	4200
4240	九江市	NA	4200
4241	九江县	4240	4200
4242	瑞昌市	4240	4200
4243	武宁县	4240	4200
4244	修水县	4240	4200
4245	永修县	4240	4200
4246	德安县	4240	4200
4247	星子县	4240	4200
4248	都昌县	4240	4200
4249	湖口县	4240	4200
4251	彭泽县	4240	4200
4252	共青城市	4240	4200
4260	新余市	NA	4200
4261	分宜县	4260	4200
4270	鹰潭市	NA	4200
4271	贵溪市	4270	4200
4272	余江县	4270	4200
4280	赣州市	NA	4200
4282	赣　县	4280	4200
4283	南康市	4280	4200
4284	信丰县	4280	4200
4285	大余县	4280	4200
4286	上犹县	4280	4200
4287	崇义县	4280	4200
4288	安远县	4280	4200
4289	龙南县	4280	4200
4291	定南县	4280	4200
4292	全南县	4280	4200
4293	宁都县	4280	4200
4294	于都县	4280	4200
4295	兴国县	4280	4200
4296	瑞金市	4280	4200
4297	会昌县	4280	4200
4298	寻乌县	4280	4200
4299	石城县	4280	4200
4310	宜春市	NA	4200
4312	丰城市	4310	4200
4313	樟树市	4310	4200
4314	高安市	4310	4200
4315	奉新县	4310	4200
4316	万载县	4310	4200
4317	上高县	4310	4200
4318	宜丰县	4310	4200
4319	靖安县	4310	4200
4321	铜鼓县	4310	4200
4330	上饶市	NA	4200
4332	上饶县	4330	4200
4333	广丰县	4330	4200
4334	玉山县	4330	4200
4335	铅山县	4330	4200
4336	横峰县	4330	4200
4337	弋阳县	4330	4200
4338	余干县	4330	4200
4339	鄱阳县	4330	4200
4341	万年县	4330	4200
4342	德兴市	4330	4200
4343	婺源县	4330	4200
4350	吉安市	NA	4200
4352	井冈山市	4350	4200
4353	吉安县	4350	4200
4354	吉水县	4350	4200
4355	峡江县	4350	4200
4356	新干县	4350	4200
4357	永丰县	4350	4200
4358	泰和县	4350	4200
4359	遂川县	4350	4200
4361	万安县	4350	4200
4362	安福县	4350	4200
4363	永新县	4350	4200
4370	抚州市	NA	4200
4372	南城县	4370	4200
4373	黎川县	4370	4200
4374	南丰县	4370	4200
4375	崇仁县	4370	4200
4376	乐安县	4370	4200
4377	宜黄县	4370	4200
4378	金溪县	4370	4200
4379	资溪县	4370	4200
4381	东乡县	4370	4200
4382	广昌县	4370	4200
4500	山东省	NA	    
4510	济南市	NA	4500
4511	章丘市	4510	4500
4513	平阴县	4510	4500
4514	济阳县	4510	4500
4515	商河县	4510	4500
4520	青岛市	NA	4500
4521	即墨市	4520	4500
4522	胶南市	4520	4500
4523	莱西市	4520	4500
4524	平度市	4520	4500
4525	胶州市	4520	4500
4530	淄博市	NA	4500
4531	桓台县	4530	4500
4532	高青县	4530	4500
4533	沂源县	4530	4500
4540	枣庄市	NA	4500
4541	滕州市	4540	4500
4550	东营市	NA	4500
4551	垦利县	4550	4500
4552	利津县	4550	4500
4553	广饶县	4550	4500
4560	烟台市	NA	4500
4561	蓬莱市	4560	4500
4562	招远市	4560	4500
4563	栖霞市	4560	4500
4564	海阳市	4560	4500
4566	长岛县	4560	4500
4567	龙口市	4560	4500
4568	莱阳市	4560	4500
4569	莱州市	4560	4500
4580	潍坊市	NA	4500
4581	安丘市	4580	4500
4582	寿光市	4580	4500
4583	临朐县	4580	4500
4584	昌乐县	4580	4500
4585	昌邑市	4580	4500
4586	高密市	4580	4500
4588	青州市	4580	4500
4589	诸城市	4580	4500
4610	济宁市	NA	4500
4611	兖州市	4610	4500
4612	邹城市	4610	4500
4613	微山县	4610	4500
4614	鱼台县	4610	4500
4615	金乡县	4610	4500
4616	嘉祥县	4610	4500
4617	汶上县	4610	4500
4618	泗水县	4610	4500
4619	曲阜市	4610	4500
4621	梁山县	4610	4500
4630	泰安市	NA	4500
4631	宁阳县	4630	4500
4632	肥城市	4630	4500
4633	东平县	4630	4500
4635	新泰市	4630	4500
4650	威海市	NA	4500
4651	乳山市	4650	4500
4652	文登市	4650	4500
4653	荣成市	4650	4500
4660	滨州市	NA	4500
4662	惠民县	4660	4500
4663	阳信县	4660	4500
4664	无棣县	4660	4500
4665	沾化县	4660	4500
4666	博兴县	4660	4500
4667	邹平县	4660	4500
4680	德州市	NA	4500
4682	乐陵市	4680	4500
4683	陵　县	4680	4500
4684	平原县	4680	4500
4685	夏津县	4680	4500
4686	武城县	4680	4500
4687	齐河县	4680	4500
4688	禹城市	4680	4500
4689	临邑县	4680	4500
4693	宁津县	4680	4500
4694	庆云县	4680	4500
4710	聊城市	NA	4500
4712	临清市	4710	4500
4713	阳谷县	4710	4500
4714	莘　县	4710	4500
4715	茌平县	4710	4500
4716	东阿县	4710	4500
4717	冠　县	4710	4500
4718	高唐县	4710	4500
4730	临沂市	NA	4500
4733	郯城县	4730	4500
4734	苍山县	4730	4500
4735	莒南县	4730	4500
4737	沂水县	4730	4500
4739	蒙阴县	4730	4500
4741	平邑县	4730	4500
4742	费　县	4730	4500
4743	沂南县	4730	4500
4744	临沭县	4730	4500
4750	荷泽市	NA	4500
4752	曹　县	4750	4500
4753	定陶县	4750	4500
4754	成武县	4750	4500
4755	单　县	4750	4500
4756	巨野县	4750	4500
4758	郓城县	4750	4500
4759	鄄城县	4750	4500
4761	东明县	4750	4500
4770	日照市	NA	4500
4771	五莲县	4770	4500
4772	莒　县	4770	4500
4790	莱芜市	NA	4500
4900	河南省	NA	    
4910	郑州市	NA	4900
4911	荥阳市	4910	4900
4912	中牟县	4910	4900
4913	新郑市	4910	4900
4914	巩义市	4910	4900
4915	登封市	4910	4900
4916	新密市	4910	4900
4920	开封市	NA	4900
4921	杞　县	4920	4900
4922	通许县	4920	4900
4923	尉氏县	4920	4900
4924	开封县	4920	4900
4925	兰考县	4920	4900
4930	洛阳市	NA	4900
4931	偃师市	4930	4900
4932	孟津县	4930	4900
4933	新安县	4930	4900
4934	栾川县	4930	4900
4935	嵩　县	4930	4900
4936	汝阳县	4930	4900
4937	宜阳县	4930	4900
4938	洛宁县	4930	4900
4939	伊川县	4930	4900
4950	平顶山市	NA	4900
4951	宝丰县	4950	4900
4952	叶　县	4950	4900
4953	鲁山县	4950	4900
4954	郏　县	4950	4900
4956	汝州市	4950	4900
4957	舞钢市	4950	4900
4960	安阳市	NA	4900
4961	林州市	4960	4900
4962	安阳县	4960	4900
4963	汤阴县	4960	4900
4964	滑　县	4960	4900
4965	内黄县	4960	4900
4970	鹤壁市	NA	4900
4971	浚　县	4970	4900
4972	淇　县	4970	4900
4980	新乡市	NA	4900
4981	新乡县	4980	4900
4982	获嘉县	4980	4900
4983	原阳县	4980	4900
4984	延津县	4980	4900
4985	封丘县	4980	4900
4986	长垣县	4980	4900
4987	卫辉市	4980	4900
4988	辉县市	4980	4900
5010	焦作市	NA	4900
5011	修武县	5010	4900
5012	博爱县	5010	4900
5013	武陟县	5010	4900
5014	沁阳市	5010	4900
5015	温　县	5010	4900
5016	孟州市	5010	4900
5017	济源市（省直辖）	5010	4900
5020	濮阳市	NA	4900
5021	清丰县	5020	4900
5022	南乐县	5020	4900
5023	范　县	5020	4900
5024	台前县	5020	4900
5025	濮阳县	5020	4900
5030	许昌市	NA	4900
5031	长葛市	5030	4900
5032	许昌县	5030	4900
5033	鄢陵县	5030	4900
5034	禹州市	5030	4900
5035	襄城县	5030	4900
5040	漯河市	NA	4900
5041	舞阳县	5040	4900
5042	临颍县	5040	4900
5050	三门峡市	NA	4900
5051	渑池县	5050	4900
5052	陕　县	5050	4900
5053	灵宝市	5050	4900
5054	卢氏县	5050	4900
5055	义马市	5050	4900
5060	商丘市	NA	4900
5062	虞城县	5060	4900
5064	民权县	5060	4900
5065	宁陵县	5060	4900
5066	睢　县	5060	4900
5067	夏邑县	5060	4900
5068	柘城县	5060	4900
5069	永城市	5060	4900
5080	周口市	NA	4900
5082	扶沟县	5080	4900
5083	西华县	5080	4900
5084	商水县	5080	4900
5085	太康县	5080	4900
5086	鹿邑县	5080	4900
5087	郸城县	5080	4900
5088	淮阳县	5080	4900
5089	沈丘县	5080	4900
5091	项城市	5080	4900
5110	驻马店市	NA	4900
5112	确山县	5110	4900
5113	泌阳县	5110	4900
5114	遂平县	5110	4900
5115	西平县	5110	4900
5116	上蔡县	5110	4900
5117	汝南县	5110	4900
5118	平舆县	5110	4900
5119	新蔡县	5110	4900
5121	正阳县	5110	4900
5130	南阳市	NA	4900
5132	邓州市	5130	4900
5133	南召县	5130	4900
5134	方城县	5130	4900
5135	西峡县	5130	4900
5137	镇平县	5130	4900
5138	内乡县	5130	4900
5139	淅川县	5130	4900
5141	社旗县	5130	4900
5142	唐河县	5130	4900
5143	新野县	5130	4900
5144	桐柏县	5130	4900
5150	信阳市	NA	4900
5152	息　县	5150	4900
5153	淮滨县	5150	4900
5155	潢川县	5150	4900
5156	光山县	5150	4900
5157	固始县	5150	4900
5158	商城县	5150	4900
5159	罗山县	5150	4900
5161	新　县	5150	4900
5200	湖北省	NA	    
5210	武汉市	NA	5200
5220	黄石市	NA	5200
5221	大冶市	5220	5200
5222	阳新县	5220	5200
5230	十堰市	NA	5200
5231	郧　县	5230	5200
5232	郧西县	5230	5200
5233	竹山县	5230	5200
5234	竹溪县	5230	5200
5235	房　县	5230	5200
5236	丹江口市	5230	5200
5250	宜昌市	NA	5200
5251	宜都市	5250	5200
5262	当阳市	5250	5200
5264	枝江市	5250	5200
5265	远安县	5250	5200
5266	兴山县	5250	5200
5267	秭归县	5250	5200
5268	长阳土家族自治县	5250	5200
5269	五峰土家族自治县	5250	5200
5270	随州市	NA	5200
5271	广水市	5270	5200
5272	随县	5270	5200
5280	襄阳市	NA	5200
5282	宜城市	5280	5200
5283	南漳县	5280	5200
5284	谷城县	5280	5200
5285	保康县	5280	5200
5287	老河口市	5280	5200
5288	枣阳市	5280	5200
5310	鄂州市	NA	5200
5311	神农架林区（省直辖）	5310	5200
5320	荆门市	NA	5200
5321	京山县	5320	5200
5322	沙洋县	5320	5200
5323	钟祥市	5320	5200
5330	黄冈市	NA	5200
5331	麻城市	5330	5200
5332	武穴市	5330	5200
5333	团风县	5330	5200
5334	红安县	5330	5200
5335	罗田县	5330	5200
5336	英山县	5330	5200
5337	浠水县	5330	5200
5338	蕲春县	5330	5200
5339	黄梅县	5330	5200
5350	孝感市	NA	5200
5351	孝昌县	5350	5200
5352	应城市	5350	5200
5353	安陆市	5350	5200
5355	大悟县	5350	5200
5356	云梦县	5350	5200
5357	汉川市	5350	5200
5360	咸宁市	NA	5200
5363	嘉鱼县	5360	5200
5364	通城县	5360	5200
5365	崇阳县	5360	5200
5366	通山县	5360	5200
5367	赤壁市	5360	5200
5370	荆州市	NA	5200
5371	仙桃市（省直辖）	5370	5200
5372	石首市	5370	5200
5373	洪湖市	5370	5200
5374	天门市（省直辖）	5370	5200
5375	潜江市（省直辖）	5370	5200
5376	江陵县	5370	5200
5377	松滋市	5370	5200
5378	公安县	5370	5200
5379	监利县	5370	5200
5410	恩施土家族苗族自治州	NA	5200
5411	恩施市	5410	5200
5412	利川市	5410	5200
5413	建始县	5410	5200
5414	巴东县	5410	5200
5415	宣恩县	5410	5200
5416	咸丰县	5410	5200
5417	来凤县	5410	5200
5418	鹤峰县	5410	5200
5500	湖南省	NA	    
5510	长沙市	NA	5500
5511	长沙县	5510	5500
5512	望城县	5510	5500
5513	浏阳市	5510	5500
5514	宁乡县	5510	5500
5520	株州市	NA	5500
5521	株洲县	5520	5500
5522	攸　县	5520	5500
5523	茶陵县	5520	5500
5524	炎陵县	5520	5500
5525	醴陵市	5520	5500
5530	湘潭市	NA	5500
5531	湘潭县	5530	5500
5532	湘乡市	5530	5500
5533	韶山市	5530	5500
5540	衡阳市	NA	5500
5541	衡阳县	5540	5500
5542	衡南县	5540	5500
5543	衡山县	5540	5500
5544	衡东县	5540	5500
5545	常宁市	5540	5500
5546	祁东县	5540	5500
5547	耒阳市	5540	5500
5550	邵阳市	NA	5500
5551	邵东县	5550	5500
5552	新邵县	5550	5500
5553	邵阳县	5550	5500
5554	隆回县	5550	5500
5555	洞口县	5550	5500
5556	武冈市	5550	5500
5557	绥宁县	5550	5500
5558	新宁县	5550	5500
5559	城步苗族自治县	5550	5500
5570	岳阳市	NA	5500
5571	岳阳县	5570	5500
5572	临湘市	5570	5500
5573	华容县	5570	5500
5574	湘阴县	5570	5500
5575	平江县	5570	5500
5576	汨罗市	5570	5500
5580	常德市	NA	5500
5581	安乡县	5580	5500
5582	汉寿县	5580	5500
5583	澧　县	5580	5500
5584	临澧县	5580	5500
5585	桃源县	5580	5500
5586	石门县	5580	5500
5587	津市市	5580	5500
5590	张家界市	NA	5500
5591	慈利县	5590	5500
5592	桑植县	5590	5500
5610	益阳市	NA	5500
5612	沅江市	5610	5500
5614	南　县	5610	5500
5615	桃江县	5610	5500
5616	安化县	5610	5500
5620	娄底市	NA	5500
5622	冷水江市	5620	5500
5623	涟源市	5620	5500
5624	双峰县	5620	5500
5625	新化县	5620	5500
5630	郴州市	NA	5500
5632	资兴市	5630	5500
5634	桂阳县	5630	5500
5635	永兴县	5630	5500
5636	宜章县	5630	5500
5637	嘉禾县	5630	5500
5638	临武县	5630	5500
5639	汝城县	5630	5500
5641	桂东县	5630	5500
5642	安仁县	5630	5500
5650	永州市	NA	5500
5653	东安县	5650	5500
5654	道　县	5650	5500
5655	宁远县	5650	5500
5656	江永县	5650	5500
5657	江华瑶族自治县	5650	5500
5658	蓝山县	5650	5500
5659	新田县	5650	5500
5661	双牌县	5650	5500
5662	祁阳县	5650	5500
5670	怀化市	NA	5500
5672	洪江市	5670	5500
5674	沅陵县	5670	5500
5675	辰溪县	5670	5500
5676	溆浦县	5670	5500
5677	麻阳苗族自治县	5670	5500
5678	新晃侗族自治县	5670	5500
5679	芷江侗族自治县	5670	5500
5681	会同县	5670	5500
5682	靖州苗族侗族自治县	5670	5500
5683	通道侗族自治县	5670	5500
5684	中方县	5670	5500
5690	湘西土家族苗族自治州	NA	5500
5691	吉首市	5690	5500
5692	泸溪县	5690	5500
5693	凤凰县	5690	5500
5694	花垣县	5690	5500
5695	保靖县	5690	5500
5696	古丈县	5690	5500
5697	永顺县	5690	5500
5698	龙山县	5690	5500
5800	广东省	NA	    
5810	广州市	NA	5800
5812	从化市	5810	5800
5813	增城市	5810	5800
5820	韶关市	NA	5800
5822	始兴县	5820	5800
5823	南雄市	5820	5800
5824	仁化县	5820	5800
5825	乐昌市	5820	5800
5826	翁源县	5820	5800
5827	乳源瑶族自治县	5820	5800
5828	新丰县	5820	5800
5840	深圳市	NA	5800
5850	珠海市	NA	5800
5860	汕头市	NA	5800
5863	南澳县	5860	5800
5880	佛山市	NA	5800
5881	三水区	5880	5800
5882	南海区	5880	5800
5883	顺德区	5880	5800
5890	江门市	NA	5800
5892	台山市	5890	5800
5893	恩平市	5890	5800
5894	开平市	5890	5800
5895	鹤山市	5890	5800
5910	湛江市	NA	5800
5911	吴川市	5910	5800
5912	廉江市	5910	5800
5913	遂溪县	5910	5800
5914	雷州市	5910	5800
5915	徐闻县	5910	5800
5920	茂名市	NA	5800
5921	信宜市	5920	5800
5922	高州市	5920	5800
5923	电白县	5920	5800
5924	化州市	5920	5800
5930	肇庆市	NA	5800
5931	高要市	5930	5800
5932	四会市	5930	5800
5933	广宁县	5930	5800
5934	怀集县	5930	5800
5935	封开县	5930	5800
5936	德庆县	5930	5800
5950	惠州市	NA	5800
5952	博罗县	5950	5800
5953	惠东县	5950	5800
5954	龙门县	5950	5800
5960	梅州市	NA	5800
5961	梅　县	5960	5800
5962	大埔县	5960	5800
5963	丰顺县	5960	5800
5964	五华县	5960	5800
5965	兴宁市	5960	5800
5966	平远县	5960	5800
5967	蕉岭县	5960	5800
5970	汕尾市	NA	5800
5971	海丰县	5970	5800
5972	陆丰市	5970	5800
5973	陆河县	5970	5800
5980	河源市	NA	5800
5981	紫金县	5980	5800
5982	龙川县	5980	5800
5983	连平县	5980	5800
5984	和平县	5980	5800
5985	东源县	5980	5800
5990	阳江市	NA	5800
5991	阳西县	5990	5800
5992	阳春市	5990	5800
5993	阳东县	5990	5800
6010	清远市	NA	5800
6011	佛冈县	6010	5800
6012	英德市	6010	5800
6013	阳山县	6010	5800
6014	连州市	6010	5800
6015	连山壮族瑶族自治县	6010	5800
6016	连南瑶族自治县	6010	5800
6017	清新县	6010	5800
6020	东莞市	NA	5800
6030	中山市	NA	5800
6040	潮州市	NA	5800
6041	潮安县	6040	5800
6042	饶平县	6040	5800
6050	揭阳市	NA	5800
6051	揭东县	6050	5800
6052	揭西县	6050	5800
6053	惠来县	6050	5800
6054	普宁市	6050	5800
6060	云浮市	NA	5800
6061	新兴县	6060	5800
6062	郁南县	6060	5800
6063	云安县	6060	5800
6064	罗定市	6060	5800
6100	广西自治区	NA	    
6110	南宁市	NA	6100
6112	武鸣县	6110	6100
6122	横　县	6110	6100
6123	宾阳县	6110	6100
6124	上林县	6110	6100
6125	隆安县	6110	6100
6126	马山县	6110	6100
6140	柳州市	NA	6100
6141	柳江县	6140	6100
6142	柳城县	6140	6100
6152	鹿寨县	6140	6100
6156	融安县	6140	6100
6157	三江侗族自治县	6140	6100
6158	融水苗族自治县	6140	6100
6170	桂林市	NA	6100
6171	阳朔县	6170	6100
6172	临桂县	6170	6100
6181	灵川县	6170	6100
6182	全州县	6170	6100
6183	兴安县	6170	6100
6184	永福县	6170	6100
6185	灌阳县	6170	6100
6186	龙胜各族自治县	6170	6100
6187	资源县	6170	6100
6188	平乐县	6170	6100
6189	荔蒲县	6170	6100
6191	恭城瑶族自治县	6170	6100
6210	梧州市	NA	6100
6211	苍梧县	6210	6100
6221	岑溪市	6210	6100
6222	藤　县	6210	6100
6224	蒙山县	6210	6100
6230	北海市	NA	6100
6231	合浦县	6230	6100
6240	玉林市	NA	6100
6245	容　县	6240	6100
6246	北流市	6240	6100
6247	陆川县	6240	6100
6248	博白县	6240	6100
6249	兴业县	6240	6100
6260	百色市	NA	6100
6262	田阳县	6260	6100
6263	田东县	6260	6100
6264	平果县	6260	6100
6265	德保县	6260	6100
6266	靖西县	6260	6100
6267	那坡县	6260	6100
6268	凌云县	6260	6100
6269	乐业县	6260	6100
6271	田林县	6260	6100
6272	隆林各族自治县	6260	6100
6273	西林县	6260	6100
6280	河池市	NA	6100
6282	宜州市	6280	6100
6283	罗城仫佬族自治县	6280	6100
6284	环江毛南族自治县	6280	6100
6285	南丹县	6280	6100
6286	天峨县	6280	6100
6287	凤山县	6280	6100
6288	东兰县	6280	6100
6289	巴马瑶族自治县	6280	6100
6291	都安瑶族自治县	6280	6100
6292	大化瑶族自治县	6280	6100
6310	钦州市	NA	6100
6314	灵山县	6310	6100
6315	浦北县	6310	6100
6320	防城港市	NA	6100
6321	上思县	6320	6100
6322	东兴市	6320	6100
6330	贵港市	NA	6100
6331	平南县	6330	6100
6332	桂平市	6330	6100
6340	贺州市	NA	6100
6341	昭平县	6340	6100
6342	钟山县	6340	6100
6343	富川瑶族自治县	6340	6100
6350	来宾市	NA	6100
6351	忻城县	6350	6100
6352	象州县	6350	6100
6353	武宣县	6350	6100
6354	金秀瑶族自治县	6350	6100
6355	合山市	6350	6100
6360	崇左市	NA	6100
6361	扶绥县	6360	6100
6362	宁明县	6360	6100
6363	龙州县	6360	6100
6364	大新县	6360	6100
6365	天等县	6360	6100
6366	凭祥市	6360	6100
6400	海南省	NA	    
6410	海口市	NA	6400
6420	三亚市	NA	6400
6421	五指山市（省直辖）	6420	6400
6423	文昌市（省直辖）	6420	6400
6424	琼海市（省直辖）	6420	6400
6425	万宁市（省直辖）	6420	6400
6426	定安县（省直辖）	6420	6400
6427	屯昌县（省直辖）	6420	6400
6428	澄迈县（省直辖）	6420	6400
6429	临高县（省直辖）	6420	6400
6431	儋州市（省直辖）	6420	6400
6432	白沙黎族自治县（省直辖）	6420	6400
6433	昌江黎族自治县（省直辖）	6420	6400
6434	东方市（省直辖）	6420	6400
6435	乐东黎族自治县（省直辖）	6420	6400
6436	陵水黎族自治县（省直辖）	6420	6400
6437	保亭黎族苗族自治县（省直辖 	6420	6400
6438	琼中黎族苗族自治县（省直辖 	6420	6400
6439	西沙群岛	6420	6400
6441	南沙群岛	6420	6400
6442	中沙群岛的岛礁及其海域	6420	6400
6500	四川省	NA	    
6510	成都市	NA	6500
6511	金堂县	6510	6500
6512	双流县	6510	6500
6514	郫　县	6510	6500
6516	彭州市	6510	6500
6517	崇州市	6510	6500
6518	大邑县	6510	6500
6519	邛崃市	6510	6500
6521	蒲江县	6510	6500
6522	新津县	6510	6500
6523	都江堰市	6510	6500
6550	自贡市	NA	6500
6551	荣　县	6550	6500
6552	富顺县	6550	6500
6560	攀枝花市	NA	6500
6561	米易县	6560	6500
6562	盐边县	6560	6500
6570	泸州市	NA	6500
6571	泸　县	6570	6500
6572	合江县	6570	6500
6574	叙永县	6570	6500
6575	古蔺县	6570	6500
6580	德阳市	NA	6500
6581	绵竹市	6580	6500
6582	中江县	6580	6500
6583	什邡市	6580	6500
6584	广汉市	6580	6500
6585	罗江县	6580	6500
6590	绵阳市	NA	6500
6591	三台县	6590	6500
6592	盐亭县	6590	6500
6593	安　县	6590	6500
6594	梓潼县	6590	6500
6595	北川羌族自治县	6590	6500
6596	平武县	6590	6500
6597	江油市	6590	6500
6610	广元市	NA	6500
6611	旺苍县	6610	6500
6612	青川县	6610	6500
6613	剑阁县	6610	6500
6614	苍溪县	6610	6500
6620	遂宁市	NA	6500
6621	蓬溪县	6620	6500
6622	射洪县	6620	6500
6623	大英县	6620	6500
6630	内江市	NA	6500
6634	威远县	6630	6500
6635	资中县	6630	6500
6638	隆昌县	6630	6500
6650	乐山市	NA	6500
6653	犍为县	6650	6500
6654	井研县	6650	6500
6655	夹江县	6650	6500
6658	沐川县	6650	6500
6662	峨边彝族自治县	6650	6500
6663	马边彝族自治县	6650	6500
6664	峨眉山市	6650	6500
6670	眉山市	NA	6500
6671	仁寿县	6670	6500
6672	彭山县	6670	6500
6673	洪雅县	6670	6500
6674	丹棱县	6670	6500
6675	青神县	6670	6500
6690	广安市	NA	6500
6691	岳池县	6690	6500
6692	武胜县	6690	6500
6693	邻水县	6690	6500
6694	华蓥市	6690	6500
6710	宜宾市	NA	6500
6712	宜宾县	6710	6500
6713	南溪县	6710	6500
6714	江安县	6710	6500
6715	长宁县	6710	6500
6716	高　县	6710	6500
6717	筠连县	6710	6500
6718	珙　县	6710	6500
6719	兴文县	6710	6500
6721	屏山县	6710	6500
6730	南充市	NA	6500
6734	南部县	6730	6500
6736	营山县	6730	6500
6738	蓬安县	6730	6500
6739	仪陇县	6730	6500
6742	西充县	6730	6500
6743	阆中市	6730	6500
6750	达州市	NA	6500
6752	达　县	6750	6500
6753	宣汉县	6750	6500
6754	开江县	6750	6500
6755	万源市	6750	6500
6761	大竹县	6750	6500
6762	渠　县	6750	6500
6770	雅安市	NA	6500
6772	名山县	6770	6500
6773	荥经县	6770	6500
6774	汉源县	6770	6500
6775	石棉县	6770	6500
6776	天全县	6770	6500
6777	芦山县	6770	6500
6778	宝兴县	6770	6500
6790	阿坝藏族羌族自治州	NA	6500
6791	汶川县	6790	6500
6792	理　县	6790	6500
6793	茂　县	6790	6500
6794	松潘县	6790	6500
6795	九寨沟县	6790	6500
6796	金川县	6790	6500
6797	小金县	6790	6500
6798	黑水县	6790	6500
6799	马尔康县	6790	6500
6801	壤塘县	6790	6500
6802	阿坝县	6790	6500
6803	若尔盖县	6790	6500
6804	红原县	6790	6500
6810	甘孜藏族自治州	NA	6500
6811	康定县	6810	6500
6812	泸定县	6810	6500
6813	丹巴县	6810	6500
6814	九龙县	6810	6500
6815	雅江县	6810	6500
6816	道孚县	6810	6500
6817	炉霍县	6810	6500
6818	甘孜县	6810	6500
6819	新龙县	6810	6500
6821	德格县	6810	6500
6822	白玉县	6810	6500
6823	石渠县	6810	6500
6824	色达县	6810	6500
6825	理塘县	6810	6500
6826	巴塘县	6810	6500
6827	乡城县	6810	6500
6828	稻城县	6810	6500
6829	得荣县	6810	6500
6840	凉山彝族自治州	NA	6500
6841	西昌市	6840	6500
6842	木里藏族自治县	6840	6500
6843	盐源县	6840	6500
6844	德昌县	6840	6500
6845	会理县	6840	6500
6846	会东县	6840	6500
6847	宁南县	6840	6500
6848	普格县	6840	6500
6849	布拖县	6840	6500
6851	金阳县	6840	6500
6852	昭觉县	6840	6500
6853	喜德县	6840	6500
6854	冕宁县	6840	6500
6855	越西县	6840	6500
6856	甘洛县	6840	6500
6857	美姑县	6840	6500
6858	雷波县	6840	6500
6870	巴中市	NA	6500
6871	通江县	6870	6500
6872	南江县	6870	6500
6873	平昌县	6870	6500
6880	资阳市	NA	6500
6881	安岳县	6880	6500
6882	乐至县	6880	6500
6883	简阳市	6880	6500
6900	重庆市	NA	    
6911	綦江县	NA	6900
6914	潼南县	NA	6900
6915	铜梁县	NA	6900
6917	大足县	NA	6900
6918	荣昌县	NA	6900
6919	璧山县	NA	6900
6921	梁平县	NA	6900
6922	城口县	NA	6900
6923	丰都县	NA	6900
6924	垫江县	NA	6900
6925	武隆县	NA	6900
6926	忠　县	NA	6900
6927	开　县	NA	6900
6928	云阳县	NA	6900
6929	奉节县	NA	6900
6931	巫山县	NA	6900
6932	巫溪县	NA	6900
6933	石柱土家族自治县	NA	6900
6934	秀山土家族苗族自治县	NA	6900
6935	酉阳土家族苗族自治县	NA	6900
6936	彭水苗族土家族自治县	NA	6900
7000	贵州省	NA	    
7010	贵阳市	NA	7000
7011	开阳县	7010	7000
7012	息烽县	7010	7000
7013	修文县	7010	7000
7014	清镇市	7010	7000
7020	六盘水市	NA	7000
7021	水城县	7020	7000
7022	盘　县	7020	7000
7030	遵义市	NA	7000
7032	遵义县	7030	7000
7033	桐梓县	7030	7000
7034	绥阳县	7030	7000
7035	正安县	7030	7000
7036	道真仡佬族苗族自治县	7030	7000
7037	务川仡佬族苗族自治县	7030	7000
7038	凤冈县	7030	7000
7039	湄潭县	7030	7000
7041	余庆县	7030	7000
7042	仁怀市	7030	7000
7043	赤水市	7030	7000
7044	习水县	7030	7000
7050	铜仁地区	NA	7000
7051	铜仁市	7050	7000
7052	江口县	7050	7000
7053	玉屏侗族自治县	7050	7000
7054	石阡县	7050	7000
7055	思南县	7050	7000
7056	印江土家族苗族自治县	7050	7000
7057	德江县	7050	7000
7058	沿河土家族自治县	7050	7000
7059	松桃苗族自治县	7050	7000
7061	万山特区	7050	7000
7070	黔西南布依族苗族自治州	NA	7000
7071	兴义市	7070	7000
7072	兴仁县	7070	7000
7073	普安县	7070	7000
7074	晴隆县	7070	7000
7075	贞丰县	7070	7000
7076	望谟县	7070	7000
7077	册亨县	7070	7000
7078	安龙县	7070	7000
7090	毕节地区	NA	7000
7091	毕节市	7090	7000
7092	大方县	7090	7000
7093	黔西县	7090	7000
7094	金沙县	7090	7000
7095	织金县	7090	7000
7096	纳雍县	7090	7000
7097	威宁彝族回族苗族自治县	7090	7000
7098	赫章县	7090	7000
7110	安顺市	NA	7000
7117	平坝县	7110	7000
7118	普定县	7110	7000
7119	关岭布依族苗族自治县	7110	7000
7121	镇宁布依族苗族自治县	7110	7000
7122	紫云苗族布依族自治县	7110	7000
7130	黔东南苗族侗族自治州	NA	7000
7131	凯里市	7130	7000
7132	黄平县	7130	7000
7133	施秉县	7130	7000
7134	三穗县	7130	7000
7135	镇远县	7130	7000
7136	岑巩县	7130	7000
7137	天柱县	7130	7000
7138	锦屏县	7130	7000
7139	剑河县	7130	7000
7141	台江县	7130	7000
7142	黎平县	7130	7000
7143	榕江县	7130	7000
7144	从江县	7130	7000
7145	雷山县	7130	7000
7146	麻江县	7130	7000
7147	丹寨县	7130	7000
7150	黔南布依族苗族自治州	NA	7000
7151	都匀市	7150	7000
7152	荔波县	7150	7000
7153	贵定县	7150	7000
7154	福泉市	7150	7000
7155	瓮安县	7150	7000
7156	独山县	7150	7000
7157	平塘县	7150	7000
7158	罗甸县	7150	7000
7159	长顺县	7150	7000
7161	龙里县	7150	7000
7162	惠水县	7150	7000
7163	三都水族自治县	7150	7000
7300	云南省	NA	    
7310	昆明市	NA	7300
7311	呈贡县	7310	7300
7312	晋宁县	7310	7300
7313	安宁市	7310	7300
7314	富民县	7310	7300
7315	宜良县	7310	7300
7316	石林彝族自治县	7310	7300
7317	嵩明县	7310	7300
7318	禄劝彝族苗族自治县	7310	7300
7319	寻甸回族彝族自治县	7310	7300
7340	昭通市	NA	7300
7342	鲁甸县	7340	7300
7343	巧家县	7340	7300
7344	盐津县	7340	7300
7345	大关县	7340	7300
7346	永善县	7340	7300
7347	绥江县	7340	7300
7348	镇雄县	7340	7300
7349	彝良县	7340	7300
7351	威信县	7340	7300
7352	水富县	7340	7300
7360	曲靖市	NA	7300
7362	马龙县	7360	7300
7363	宣威市	7360	7300
7364	富源县	7360	7300
7365	罗平县	7360	7300
7366	师宗县	7360	7300
7367	陆良县	7360	7300
7369	会泽县	7360	7300
7371	沾益县	7360	7300
7380	楚雄彝族自治州	NA	7300
7381	楚雄市	7380	7300
7382	双柏县	7380	7300
7383	牟定县	7380	7300
7384	南华县	7380	7300
7385	姚安县	7380	7300
7386	大姚县	7380	7300
7387	永仁县	7380	7300
7388	元谋县	7380	7300
7389	武定县	7380	7300
7391	禄丰县	7380	7300
7410	玉溪市	NA	7300
7412	江川县	7410	7300
7413	澄江县	7410	7300
7414	通海县	7410	7300
7415	华宁县	7410	7300
7416	易门县	7410	7300
7417	峨山彝族自治县	7410	7300
7418	新平彝族傣族自治县	7410	7300
7419	元江哈尼族彝族傣族自治县	7410	7300
7430	红河哈尼族彝族自治州	NA	7300
7431	个旧市	7430	7300
7432	开远市	7430	7300
7433	蒙自市	7430	7300
7434	屏边苗族自治县	7430	7300
7435	建水县	7430	7300
7436	石屏县	7430	7300
7437	弥勒县	7430	7300
7438	泸西县	7430	7300
7439	元阳县	7430	7300
7441	红河县	7430	7300
7442	金平苗族瑶族傣族自治县	7430	7300
7443	绿春县	7430	7300
7444	河口瑶族自治县	7430	7300
7450	文山壮族苗族自治州	NA	7300
7451	文山市	7450	7300
7452	砚山县	7450	7300
7453	西畴县	7450	7300
7454	麻栗坡县	7450	7300
7455	马关县	7450	7300
7456	丘北县	7450	7300
7457	广南县	7450	7300
7458	富宁县	7450	7300
7470	普洱市	NA	7300
7472	宁洱哈尼族彝族自治县	7470	7300
7473	墨江哈尼族自治县	7470	7300
7474	景东彝族自治县	7470	7300
7475	景谷傣族彝族自治县	7470	7300
7476	镇沅彝族哈尼族拉祜族自治县	7470	7300
7477	江城哈尼族彝族自治县	7470	7300
7478	孟连傣族拉祜族佤族自治县	7470	7300
7479	澜沧拉祜族自治县	7470	7300
7481	西盟佤族自治县	7470	7300
7490	西双版纳傣族自治州	NA	7300
7491	景洪市	7490	7300
7492	勐海县	7490	7300
7493	勐腊县	7490	7300
7510	大理白族自治州	NA	7300
7511	大理市	7510	7300
7512	漾濞彝族自治县	7510	7300
7513	祥云县	7510	7300
7514	宾川县	7510	7300
7515	弥渡县	7510	7300
7516	南涧彝族自治县	7510	7300
7517	巍山彝族回族自治县	7510	7300
7518	永平县	7510	7300
7519	云龙县	7510	7300
7521	洱源县	7510	7300
7522	剑川县	7510	7300
7523	鹤庆县	7510	7300
7530	保山市	NA	7300
7532	施甸县	7530	7300
7533	腾冲县	7530	7300
7534	龙陵县	7530	7300
7535	昌宁县	7530	7300
7540	德宏傣族景颇族自治州	NA	7300
7542	芒市	7540	7300
7543	梁河县	7540	7300
7544	盈江县	7540	7300
7545	陇川县	7540	7300
7546	瑞丽市	7540	7300
7550	丽江市	NA	7300
7552	永胜县	7550	7300
7553	华坪县	7550	7300
7554	宁蒗彝族自治县	7550	7300
7555	玉龙纳西族自治县	7550	7300
7560	怒江傈僳族自治州	NA	7300
7561	泸水县	7560	7300
7562	福贡县	7560	7300
7563	贡山独龙族怒族自治县	7560	7300
7564	兰坪白族普米族自治县	7560	7300
7570	迪庆藏族自治州	NA	7300
7571	香格里拉县	7570	7300
7572	德钦县	7570	7300
7573	维西傈僳族自治县	7570	7300
7580	临沧市	NA	7300
7582	凤庆县	7580	7300
7583	云　县	7580	7300
7584	永德县	7580	7300
7585	镇康县	7580	7300
7586	双江拉祜族佤族布朗族傣族自 	7580	7300
7587	耿马傣族佤族自治县	7580	7300
7588	沧源佤族自治县	7580	7300
7700	西藏自治区	NA	    
7710	拉萨市	NA	7700
7711	林周县	7710	7700
7712	当雄县	7710	7700
7713	尼木县	7710	7700
7714	曲水县	7710	7700
7715	堆龙德庆县	7710	7700
7716	达孜县	7710	7700
7717	墨竹工卡县	7710	7700
7720	昌都地区	NA	7700
7721	昌都县	7720	7700
7722	江达县	7720	7700
7723	贡觉县	7720	7700
7724	类乌齐县	7720	7700
7725	丁青县	7720	7700
7726	察雅县	7720	7700
7727	八宿县	7720	7700
7728	左贡县	7720	7700
7729	芒康县	7720	7700
7731	洛隆县	7720	7700
7732	边坝县	7720	7700
7740	山南地区	NA	7700
7741	乃东县	7740	7700
7742	扎囊县	7740	7700
7743	贡嘎县	7740	7700
7744	桑日县	7740	7700
7745	琼结县	7740	7700
7746	曲松县	7740	7700
7747	措美县	7740	7700
7748	洛扎县	7740	7700
7749	加查县	7740	7700
7751	隆子县	7740	7700
7752	错那县	7740	7700
7753	浪卡子县	7740	7700
7760	日喀则地区	NA	7700
7761	日喀则市	7760	7700
7762	南木林县	7760	7700
7763	江孜县	7760	7700
7764	定日县	7760	7700
7765	萨迦县	7760	7700
7766	拉孜县	7760	7700
7767	昂仁县	7760	7700
7768	谢通门县	7760	7700
7769	白朗县	7760	7700
7771	仁布县	7760	7700
7772	康马县	7760	7700
7773	定结县	7760	7700
7774	仲巴县	7760	7700
7775	亚东县	7760	7700
7776	吉隆县	7760	7700
7777	聂拉木县	7760	7700
7778	萨嘎县	7760	7700
7779	岗巴县	7760	7700
7790	那曲地区	NA	7700
7791	那曲县	7790	7700
7792	嘉黎县	7790	7700
7793	比如县	7790	7700
7794	聂荣县	7790	7700
7795	安多县	7790	7700
7796	申扎县	7790	7700
7797	索　县	7790	7700
7798	班戈县	7790	7700
7799	巴青县	7790	7700
7801	尼玛县以及双湖特别区	7790	7700
7810	阿里地区	NA	7700
7811	普兰县	7810	7700
7812	札达县	7810	7700
7813	噶尔县	7810	7700
7814	日土县	7810	7700
7815	革吉县	7810	7700
7816	改则县	7810	7700
7817	措勤县	7810	7700
7830	林芝地区	NA	7700
7831	林芝县	7830	7700
7832	工布江达县	7830	7700
7833	米林县	7830	7700
7834	墨脱县	7830	7700
7835	波密县	7830	7700
7836	察隅县	7830	7700
7837	朗　县	7830	7700
7900	陕西省	NA	    
7910	西安市	NA	7900
7912	蓝田县	7910	7900
7914	周至县	7910	7900
7915	户　县	7910	7900
7916	高陵县	7910	7900
7920	铜川市	NA	7900
7922	宜君县	7920	7900
7930	宝鸡市	NA	7900
7932	凤翔县	7930	7900
7933	岐山县	7930	7900
7934	扶风县	7930	7900
7935	眉　县	7930	7900
7936	陇　县	7930	7900
7937	千阳县	7930	7900
7938	麟游县	7930	7900
7939	凤　县	7930	7900
7941	太白县	7930	7900
7950	咸阳市	NA	7900
7951	兴平市	7950	7900
7952	三原县	7950	7900
7953	泾阳县	7950	7900
7954	乾　县	7950	7900
7955	礼泉县	7950	7900
7956	永寿县	7950	7900
7957	彬　县	7950	7900
7958	长武县	7950	7900
7959	旬邑县	7950	7900
7961	淳化县	7950	7900
7962	武功县	7950	7900
7970	渭南市	NA	7900
7972	韩城市	7970	7900
7973	华　县	7970	7900
7974	华阴市	7970	7900
7975	潼关县	7970	7900
7976	大荔县	7970	7900
7977	蒲城县	7970	7900
7978	澄城县	7970	7900
7979	白水县	7970	7900
7981	合阳县	7970	7900
7982	富平县	7970	7900
7990	汉中市	NA	7900
7992	南郑县	7990	7900
7993	城固县	7990	7900
7994	洋　县	7990	7900
7995	西乡县	7990	7900
7996	勉　县	7990	7900
7997	宁强县	7990	7900
7998	略阳县	7990	7900
7999	镇巴县	7990	7900
8001	留坝县	7990	7900
8002	佛坪县	7990	7900
8010	安康市	NA	7900
8012	汉阴县	8010	7900
8013	石泉县	8010	7900
8014	宁陕县	8010	7900
8015	紫阳县	8010	7900
8016	岚皋县	8010	7900
8017	平利县	8010	7900
8018	镇坪县	8010	7900
8019	旬阳县	8010	7900
8021	白河县	8010	7900
8030	商洛市	NA	7900
8032	洛南县	8030	7900
8033	丹凤县	8030	7900
8034	商南县	8030	7900
8035	山阳县	8030	7900
8036	镇安县	8030	7900
8037	柞水县	8030	7900
8040	延安市	NA	7900
8042	延长县	8040	7900
8043	延川县	8040	7900
8044	子长县	8040	7900
8045	安塞县	8040	7900
8046	志丹县	8040	7900
8047	吴起县	8040	7900
8048	甘泉县	8040	7900
8049	富　县	8040	7900
8051	洛川县	8040	7900
8052	宜川县	8040	7900
8053	黄龙县	8040	7900
8054	黄陵县	8040	7900
8060	榆林市	NA	7900
8062	神木县	8060	7900
8063	府谷县	8060	7900
8064	横山县	8060	7900
8065	靖边县	8060	7900
8066	定边县	8060	7900
8067	绥德县	8060	7900
8068	米脂县	8060	7900
8069	佳　县	8060	7900
8071	吴堡县	8060	7900
8072	清涧县	8060	7900
8073	子洲县	8060	7900
8200	甘肃省	NA	    
8210	兰州市	NA	8200
8211	永登县	8210	8200
8212	皋兰县	8210	8200
8213	榆中县	8210	8200
8220	嘉峪关市	NA	8200
8230	金昌市	NA	8200
8231	永昌县	8230	8200
8240	白银市	NA	8200
8241	靖远县	8240	8200
8242	会宁县	8240	8200
8243	景泰县	8240	8200
8250	天水市	NA	8200
8251	清水县	8250	8200
8252	秦安县	8250	8200
8253	甘谷县	8250	8200
8254	武山县	8250	8200
8255	张家川回族自治县	8250	8200
8260	酒泉市	NA	8200
8261	玉门市	8260	8200
8263	敦煌市	8260	8200
8264	金塔县	8260	8200
8265	肃北蒙古族自治县	8260	8200
8266	阿克塞哈萨克族自治县	8260	8200
8267	瓜州县	8260	8200
8270	张掖市	NA	8200
8272	肃南裕固族自治县	8270	8200
8273	民乐县	8270	8200
8274	临泽县	8270	8200
8275	高台县	8270	8200
8276	山丹县	8270	8200
8280	武威市	NA	8200
8282	民勤县	8280	8200
8283	古浪县	8280	8200
8284	天祝藏族自治县	8280	8200
8290	定西市	NA	8200
8292	通渭县	8290	8200
8293	陇西县	8290	8200
8294	渭源县	8290	8200
8295	临洮县	8290	8200
8296	漳　县	8290	8200
8297	岷　县	8290	8200
8310	陇南市	NA	8200
8312	宕昌县	8310	8200
8313	成　县	8310	8200
8314	康　县	8310	8200
8315	文　县	8310	8200
8316	西和县	8310	8200
8317	礼　县	8310	8200
8318	两当县	8310	8200
8319	徽　县	8310	8200
8330	平凉市	NA	8200
8332	泾川县	8330	8200
8333	灵台县	8330	8200
8334	崇信县	8330	8200
8335	华亭县	8330	8200
8336	庄浪县	8330	8200
8337	静宁县	8330	8200
8340	庆阳市	NA	8200
8342	庆城县	8340	8200
8343	环　县	8340	8200
8344	华池县	8340	8200
8345	合水县	8340	8200
8346	正宁县	8340	8200
8347	宁　县	8340	8200
8348	镇原县	8340	8200
8360	临夏回族自治州	NA	8200
8361	临夏市	8360	8200
8362	临夏县	8360	8200
8363	康乐县	8360	8200
8364	永靖县	8360	8200
8365	广河县	8360	8200
8366	和政县	8360	8200
8367	东乡族自治县	8360	8200
8368	积石山保安族东乡族撒拉族自 	8360	8200
8380	甘南藏族自治州	NA	8200
8381	临潭县	8380	8200
8382	卓尼县	8380	8200
8383	舟曲县	8380	8200
8384	迭部县	8380	8200
8385	玛曲县	8380	8200
8386	碌曲县	8380	8200
8387	夏河县	8380	8200
8388	合作市	8380	8200
8500	青海省	NA	    
8510	西宁市	NA	8500
8511	大通回族土族自治县	8510	8500
8512	湟中县	8510	8500
8513	湟源县	8510	8500
8520	海东地区	NA	8500
8521	平安县	8520	8500
8522	民和回族土族自治县	8520	8500
8523	乐都县	8520	8500
8526	互助土族自治县	8520	8500
8527	化隆回族自治县	8520	8500
8528	循化撒拉族自治县	8520	8500
8540	海北藏族自治州	NA	8500
8541	门源回族自治县	8540	8500
8542	祁连县	8540	8500
8543	海晏县	8540	8500
8544	刚察县	8540	8500
8550	黄南藏族自治州	NA	8500
8551	同仁县	8550	8500
8552	尖扎县	8550	8500
8553	泽库县	8550	8500
8554	河南蒙古族自治县	8550	8500
8560	海南藏族自治州	NA	8500
8561	共和县	8560	8500
8562	同德县	8560	8500
8563	贵德县	8560	8500
8564	兴海县	8560	8500
8565	贵南县	8560	8500
8570	果洛藏族自治州	NA	8500
8571	玛沁县	8570	8500
8572	班玛县	8570	8500
8573	甘德县	8570	8500
8574	达日县	8570	8500
8575	久治县	8570	8500
8576	玛多县	8570	8500
8580	玉树藏族自治州	NA	8500
8581	玉树县	8580	8500
8582	杂多县	8580	8500
8583	称多县	8580	8500
8584	治多县	8580	8500
8585	囊谦县	8580	8500
8586	曲麻莱县	8580	8500
8590	海西蒙古族藏族自治州	NA	8500
8591	格尔木市	8590	8500
8592	德令哈市	8590	8500
8593	乌兰县	8590	8500
8594	都兰县	8590	8500
8595	天峻县	8590	8500
8700	宁夏自治区	NA	    
8710	银川市	NA	8700
8711	永宁县	8710	8700
8712	贺兰县	8710	8700
8713	灵武市	8710	8700
8720	石嘴山市	NA	8700
8721	平罗县	8720	8700
8730	吴忠市	NA	8700
8732	青铜峡市	8730	8700
8736	盐池县	8730	8700
8737	同心县	8730	8700
8740	固原市	NA	8700
8743	西吉县	8740	8700
8744	隆德县	8740	8700
8745	泾源县	8740	8700
8746	彭阳县	8740	8700
8750	中卫市	NA	8700
8751	中宁县	8750	8700
8752	海原县	8750	8700
8800	新疆自治区	NA	    
8810	乌鲁木齐市	NA	8800
8811	乌鲁木齐县	8810	8800
8820	克拉玛依市	NA	8800
8830	吐鲁番地区	NA	8800
8831	吐鲁番市	8830	8800
8832	鄯善县	8830	8800
8833	托克逊县	8830	8800
8840	哈密地区	NA	8800
8841	哈密市	8840	8800
8842	巴里坤哈萨克自治县	8840	8800
8843	伊吾县	8840	8800
8850	昌吉回族自治州	NA	8800
8851	昌吉市	8850	8800
8853	呼图壁县	8850	8800
8854	玛纳斯县	8850	8800
8855	奇台县	8850	8800
8856	阜康市	8850	8800
8857	吉木萨尔县	8850	8800
8858	木垒哈萨克自治县	8850	8800
8870	博尔塔拉蒙古族自治州	NA	8800
8871	博乐市	8870	8800
8872	精河县	8870	8800
8873	温泉县	8870	8800
8880	巴音郭楞蒙古族自治州	NA	8800
8881	库尔勒市	8880	8800
8882	轮台县	8880	8800
8883	尉犁县	8880	8800
8884	若羌县	8880	8800
8885	且末县	8880	8800
8886	焉耆回族自治县	8880	8800
8887	和静县	8880	8800
8888	和硕县	8880	8800
8889	博湖县	8880	8800
8910	阿克苏地区	NA	8800
8911	阿克苏市	8910	8800
8912	温宿县	8910	8800
8913	库车县	8910	8800
8914	沙雅县	8910	8800
8915	新和县	8910	8800
8916	拜城县	8910	8800
8917	乌什县	8910	8800
8918	阿瓦提县	8910	8800
8919	柯坪县	8910	8800
8930	克孜勒苏柯尔克孜自治州	NA	8800
8931	阿图什市	8930	8800
8932	阿克陶县	8930	8800
8933	阿合奇县	8930	8800
8934	乌恰县	8930	8800
8940	喀什地区	NA	8800
8941	喀什市	8940	8800
8942	疏附县	8940	8800
8943	疏勒县	8940	8800
8944	英吉沙县	8940	8800
8945	泽普县	8940	8800
8946	莎车县	8940	8800
8947	叶城县	8940	8800
8948	麦盖提县	8940	8800
8949	岳普湖县	8940	8800
8951	伽师县	8940	8800
8952	巴楚县	8940	8800
8953	塔什库尔干塔吉克自治县	8940	8800
8960	和田地区	NA	8800
8961	和田市	8960	8800
8962	和田县	8960	8800
8963	墨玉县	8960	8800
8964	皮山县	8960	8800
8965	洛浦县	8960	8800
8966	策勒县	8960	8800
8967	于田县	8960	8800
8968	民丰县	8960	8800
8980	伊犁哈萨克自治州	NA	8800
8981	奎屯市	8980	8800
8991	伊宁市	8980	8800
8992	伊宁县	8980	8800
8993	察布查尔锡伯自治县	8980	8800
8994	霍城县	8980	8800
8995	巩留县	8980	8800
8996	新源县	8980	8800
8997	昭苏县	8980	8800
8998	特克斯县	8980	8800
8999	尼勒克县	8980	8800
9010	塔城地区	NA	8800
9011	塔城市	9010	8800
9012	额敏县	9010	8800
9013	乌苏市	9010	8800
9014	沙湾县	9010	8800
9015	托里县	9010	8800
9016	裕民县	9010	8800
9017	和布克赛尔蒙古自治县	9010	8800
9020	阿勒泰地区	NA	8800
9021	阿勒泰市	9020	8800
9022	布尔津县	9020	8800
9023	富蕴县	9020	8800
9024	福海县	9020	8800
9025	哈巴河县	9020	8800
9026	青河县	9020	8800
9027	吉木乃县	9020	8800
9028	石河子市（自治区直辖）	9020	8800
9041	阿拉尔市（自治区直辖）	9020	8800
9042	图木舒克市（自治区直辖）	9020	8800
9043	五家渠市（自治区直辖）	9020	8800
